# Created by Octave 4.2.1, Thu Jun 22 18:22:05 2017 GMT <unknown@unknown>
# name: Theta1
# type: matrix
# rows: 25
# columns: 19
 0.01745717933222911 0.06908786073529899 0.0773667594159983 0.07217098804198567 0.006594682414516932 0.08928065035440572 0.04552593996795189 0.01789617991057966 0.09906609332912851 0.005676659078658657 0.02215377549330371 0.01064874282123695 0.03444751657191936 0.01772307635543151 0.04393025067072432 0.03542188772314157 0.05287792416206934 0.05249992105893451 0.01559109207964549
 0.00550029912132322 0.06512863567713387 0.006091464439139408 0.07685087686209574 0.05053729529462082 0.03918681625336069 0.07858936248497518 0.06082272443171634 0.04906091433821395 0.06822065915833175 0.02521836017168368 0.06113209995558873 0.00744318490661237 0.05066288017289485 0.001336042959729948 0.0095617929075045 0.03902108542388907 0.04063828500013976 0.0869349898166802
 0.04502846216206333 0.05464704730116471 0.03692089861496305 0.08846729003504145 0.03839361604132863 0.01854913574128591 0.0478937399134232 0.08945046995743834 0.04153991605470481 0.05885156905873024 0.08855936333192729 0.05927287110193431 0.06167768737428338 0.02160769852222795 0.02748980274986572 0.04856491525939987 0.0001919610499159718 0.04564323157960469 0.05733319918754054
 0.04547620172838467 0.01504341101573688 0.06633872063854002 0.008975567729069182 0.01614980398817265 0.07599560052349888 0.04376708323998892 0.08484887377037136 0.01963926243277619 0.04624753204354409 0.06891887917973519 0.06032481391841225 0.08465223210206457 0.009717992237819077 0.09930324767626238 0.06175186094635288 0.03229434164285949 0.05219839453171488 0.02772053951154759
 0.07931203379833514 0.05842504771153705 0.001278693799668256 0.0945566562699372 0.09648433812312561 0.05177886145955878 0.01550364875831942 0.01979238848693064 0.02915291796522162 0.009996171752887965 0.001716787257353896 0.02533315588697357 0.03155686220824366 0.08830536129940367 0.02060284172857457 0.008877649450817275 0.01881068456157683 0.09525869025308084 0.09179763555349535
 0.03634078723938414 0.08923740568316987 0.07094254702525946 0.07103705329505097 0.009857843560571958 0.001283309424123029 0.08264264376005334 0.04435678968607897 0.0309095173575347 0.09620828334978279 0.04027467152436737 0.09470628438631926 0.0882668837018957 0.06466013655297148 0.01367818893884818 0.01519891136316568 0.09628664455189397 0.06710205503873948 0.06117813322713352
 0.05543851355600803 0.0481380316089221 0.09501595891317277 0.08755054128147981 0.02696602750591316 0.04680018130007316 0.05853267937418181 0.001762772980552823 0.01168203295738667 0.004751700477652769 0.03750616187210216 0.02816394448136102 0.04432664325560254 0.08938015284006315 0.09013303655648208 0.02372023732375409 0.07527286187369507 0.0861278394292942 0.03313923368177902
 0.08617764001086287 0.02172265803783006 0.06000614971808042 0.01651648765617018 0.09851685728684909 0.03302942335621496 0.09696233092944115 0.07386826310596831 0.08683467743493221 0.07924883593712678 0.04823241237819566 0.0913553836354712 0.08361454722254388 0.03551456140897564 0.04864442923367885 0.06417642918680373 0.06868378468253683 0.02574345432235813 0.004247642741773121
 0.05131805502087735 0.07952021256962753 0.07186996286566807 0.01646672513930624 0.06326476636053897 0.02196326466667123 0.07317946920013212 0.002205376115526152 0.01982604960180959 0.0127015203668175 0.03119947149502533 0.05175476121015042 0.07967355005224706 0.06317140476096525 0.0008372433906866861 0.0246916444077888 0.07044945216247599 0.0810686165999555 0.08961774992769583
 0.08239275480270977 0.01490775704694693 0.06942801036209566 0.07329117744062705 0.06680527664858747 0.09105514167972431 0.08249975924073953 0.05443072627390251 0.05796177250103789 0.02407830872848846 0.01957744551150578 0.03647184096796433 0.07310078378883593 0.05686754408089827 0.04901351949454292 0.009673126088483934 0.05478633668755954 0.03497954240257908 0.09107628127754866
 0.0868711778677939 0.0833446773530717 0.07287586060217852 0.03160351266344347 0.02559968265013906 0.09408512018086741 0.0614080339202359 0.05917232272816075 0.03405061267185974 0.08726910272842411 0.05937825761152787 0.02459353312149307 0.06674807278882526 0.07623896991389476 0.07148576583225746 0.01563303927151008 0.03569840040100004 0.07079456140148963 0.06320415710694162
 0.006418048096658517 0.08689539682246336 0.061661686892433 0.004065127737528322 0.04622069096129285 0.06319082612458241 0.09177769010027795 0.01121953450386567 0.09152848248738089 0.05350709137633608 0.07344247261506476 0.008315576672638197 0.09456418524104324 0.02818667444355078 0.08523101200054262 0.06405762342794347 0.01684506155589557 0.01870918899244357 0.08319255269467495
 0.03241335644063103 0.07452990251906656 0.06896535973045849 0.0502592448815838 0.03113367039155845 0.008051750458099066 0.005761299598483675 0.04025090568307797 0.06019594298597828 0.01454269750144868 0.09144683500569478 0.04057861454172694 0.07501169614329908 0.02386959571293954 0.07325902340245115 0.08724030300297894 0.03605936760755087 0.001452820952191862 0.07656004282513543
 0.02972570542330624 0.003689273567593081 0.06723200811325428 0.004705337591162755 0.09991036288185644 0.08056727802390252 0.06387939722368534 0.06157351145121344 0.07610701229314737 0.08376239600424605 0.05538190996856251 0.05041256519066199 0.008716849554763099 0.06036636806763433 0.02247806925217021 0.08956146851835559 0.006144715766820867 0.06046444376528892 0.001783100771420059
 0.0380912219688304 0.05169769440500792 0.06753267651968645 0.01900206078355875 0.05137610448585726 0.03724278977399297 0.09847699015623021 0.02533496114717344 0.08347838464400589 0.006622453482248773 0.03274686717705067 0.01471500839852797 0.03871241682072339 0.04170205039729979 0.07412478608843948 0.02279319871341823 0.02002902242758934 0.03648043247698553 0.01625875312737232
 0.0742191550402687 0.03277375541430126 0.008874582954852987 0.06808092344464013 0.04405857878267837 0.06278054611730123 0.02530218032544099 0.09268491748241994 0.03972974935693008 0.03737936201607061 0.04818593761524839 0.08529506320812727 0.05729958462052579 0.01067565704287116 0.04437212921966273 0.02067848478890665 0.02964757376534878 0.06722892866514238 0.0001600164122785675
 0.09504084837839508 0.03831338239735768 0.0311838600324261 0.02178943350677948 0.0721368868005928 0.04483558560579348 0.01520389093851369 0.07761454515618543 0.03246513231625665 0.05718870367319508 0.002102328802816982 0.01810597386300342 0.03807099243356869 0.07227985244600237 0.02562384054428491 0.0086019542863147 0.08412511530992557 0.04283932995052593 0.02004472718403837
 0.08964692377531019 0.007026661949754457 0.06603668810098405 0.02600222228847436 0.05782712668119777 0.003170660667921414 0.03817900203762718 0.05967279866731404 0.07641168794786879 0.07308386362786612 0.07105628854952138 0.0006373924394054753 0.0859377239397139 0.009887268957932609 0.07645620018115587 0.08724735131268427 0.05974138726582767 0.09906251516255671 0.09333759168844399
 0.003048141389848828 0.02960931121921844 0.08510444836111244 0.06313054607309768 0.03057345628530642 0.02596179168008053 0.04056228491321116 0.03295715456321591 0.03299620473433312 0.04813046082025247 0.0698752254786868 0.04050740479631863 0.03354346588637394 0.09774163660082516 0.003142320032757944 0.01145896243553273 0.04726468581957746 0.07890629941093349 0.03557088332079271
 0.06706818875915713 0.04870921549762707 0.01339689221083696 0.009970335800579638 0.08212964093767178 0.07174635150390196 0.0652365214153111 0.01791711262513364 0.06471784779964067 0.08197507115533609 0.09698692512791256 0.04265316895961081 0.0220689787113103 0.06278984366919547 0.07342572562433547 0.01661250817074235 0.05575181736620259 0.04483924626901196 0.02046974389276531
