# Created by Octave 4.2.1, Sat Jun 24 15:40:46 2017 GMT <unknown@unknown>
# name: Theta1
# type: matrix
# rows: 25
# columns: 19
 0.09256713563803029 0.005285471797133161 0.05161624139380348 0.01924603391309546 0.03089997324382151 0.0003628681373323439 0.01170248096561081 0.02334943726401259 0.07090552005433448 0.02835193413390867 0.03893032830626279 0.01735889915561783 0.07613660946020553 0.04931217459635872 0.05938383744007598 0.07761246823430124 0.08600201508698864 0.02958320951767937 0.03003266515368608
 0.06153489235356951 0.09987332783807427 0.02663171346654679 0.0007927833082425329 0.05924226515191823 0.07252843451716898 0.09113300827833665 0.05869479865987839 0.06597516661317464 0.09536871569601463 0.01797936196616828 0.05231498825392563 0.01912234198566688 0.06710655941520301 0.0907305629473613 0.05807440882604429 0.006837104894391259 0.09563416108237267 0.007251775434907386
 0.07739052335159022 0.07629083943709566 0.01675631935348572 0.0547455688310397 0.09557372817070497 0.004253384241028062 0.003245256905583686 0.04615030907279975 0.008040143841928186 0.08713945190257413 0.0894353234111202 0.06377746366160844 0.07101675750228531 0.0604882474251099 0.05916566923419435 0.0007871449425858202 0.08034240040152422 0.06336461905486487 0.09388841491355851
 0.02925763243615051 0.07533672099435705 0.06766491889497322 0.02463131269259235 0.06997770029138442 0.008071163927666374 0.01586051594800691 0.01651806179361062 0.07243954568429478 0.01447797280233772 0.06134278052887059 0.08367159561478596 0.008454254967083756 0.02101605361563767 0.0106819450833958 0.08164290166308165 0.06851199002350936 0.04843185934780191 0.08444955692355849
 0.0225963092342734 0.06434578127102418 0.01456110125125891 0.04207495993339781 0.06015371362840927 0.0319024231608016 0.08054932600625822 0.007185759381070926 0.004496227261186529 0.09486624673057546 0.0956424723390206 0.08497948496395506 0.09780020127673479 0.006339149042095886 0.06351174070692421 0.09651771684080676 0.09314947577645764 0.003878858947910939 0.02308511079693518
 0.06835866911520316 0.04111761762315215 0.07009412185989741 0.06186853047309507 0.08139627836604135 0.05886384172973824 0.03819187725319734 0.004894752859021227 0.0598862820754001 0.07418679376838655 0.001254239673187612 0.07712671137309426 0.05677031434686673 0.08871831237332164 0.0128355054290647 0.05056769044758556 0.003229320658782213 0.01423062996252832 0.08915165149059537
 0.08380975474330975 0.02271669566991351 0.01881137448181752 0.01701160954785612 0.03555025693614312 0.084157441321316 0.02536163521321384 0.08326157474236902 0.04649629923539381 0.04872639637462646 0.004557673520405097 0.04095965224420395 0.08709383742587687 0.05764004161449832 0.08276599497197398 0.09012072350605903 0.02691091993185244 0.02355589728746979 0.09583927423164104
 0.05082353014381698 0.02055751707869982 0.09011951608671198 0.06859128008337639 0.01114868578233321 0.09980741651742889 0.05928019055159622 0.08458239962887469 0.0260373603862805 0.02708115582320239 0.04157997919609051 0.01297311724910699 0.052805403785937 0.06252374934569307 0.04399656076087664 0.05321350666979126 0.0883285113450992 0.06828476392550235 0.007687675427086064
 0.0935483264102249 0.04155407177085917 0.03351650257110225 0.06171109396991704 0.02698009619207745 0.02608185624674679 0.08394934554901341 0.06201302922707595 0.01000731523950974 0.002087809425997527 0.08646997051320825 0.07749835902930982 0.08542160482584014 0.02025635351741955 0.05046328570594155 0.06425011617728728 0.05765125680729991 0.0864804210721327 0.045800693588586
 0.05151034992000501 0.08243132201405942 0.01720940562542483 0.03576100156967563 0.008443679244155459 0.07110185375171839 0.08981232307772194 0.0539623043232997 0.0296050079601404 0.09010186466592249 0.009316151842245395 0.09916877519675905 0.0972311854964252 0.08093325714431826 0.03155170232648797 0.0555809791900395 0.09038426837852188 0.04553744848530179 0.03361985753342096
 0.08896628358969111 0.02511508889091778 0.02376238884633478 0.05158390190786213 0.06203301036036154 0.04148662211151432 0.05628023373652411 0.09589143479116448 0.01240026788466559 0.08132048574964822 0.09120684346540328 0.05306503263640731 0.03158679540054838 0.02221088875045428 0.070409009233093 0.07807528158229954 0.06048392836924286 0.04480620679287278 0.06965012076286212
 0.01524274392394137 0.002824626053534367 0.07254305941875402 0.07111633783334538 0.01493099138404055 0.05027029023895395 0.0819584877126734 0.09430026142336476 0.08431812531768865 0.03153037796597331 0.01738873111915997 0.08880762690691127 0.08215719157864614 0.07934442924126481 0.05840629061177396 0.08155784958988274 0.04475379231098968 0.09650257683223383 0.09599295840936449
 0.03291336448568934 0.04038435040498217 0.05593586724769894 0.03109161036015541 0.05857862574883455 0.02481324264764125 0.08921072982865944 0.04648733752602539 0.06133315956080872 0.09575886595414541 0.09455149183728841 0.02228934753095481 0.03712603308016282 0.04391396793548122 0.02983908851648507 0.08311247870795911 0.0633027949707646 0.02362449923188949 0.07895638844567331
 0.05608264719621488 0.01602568203087678 0.08218391650238939 0.004530512913089306 0.08461422963947698 0.04649532242454277 0.06402483648288687 0.09204151280873063 0.08834081078476735 0.006322733198069712 0.09093743323371239 0.0275135510743971 0.08913058969643803 0.09573833445493302 0.009398339181992203 0.03703251781913931 0.03150846214050673 0.05093228290929832 0.07979552698451721
 0.0886638723684503 0.07569189223862646 0.09779819297116561 0.07760084016633487 0.09493761216748389 0.08781500260809906 0.03885065221389094 0.05934940846392148 0.08962839120277502 0.04891371317157483 0.07386160783395532 0.003626306412080564 0.05933941740413827 0.08297929145887119 0.06667277797627563 0.0548542554174065 0.04991200214455099 0.08667835494080159 0.06289295613775339
 7.325329401844272e-005 0.06674530247288274 0.02422984901213914 0.05464720014799938 0.03371507649084578 0.06267705007058917 0.02373265033430113 0.06980189369142085 0.06203272050256854 0.05504219404028755 0.04138382650290102 0.04383224517504824 0.09260879226928928 0.05956398786821836 0.0848168077221986 0.02635178799924846 0.0239939010104248 0.07467567867469804 0.01353918469508189
 0.007159320788875927 0.04862671096427597 0.05613646653908559 1.994461722531371e-005 0.01067368438892411 0.03018501118195869 0.07279216674014807 0.0573189955509902 0.07303112479293991 0.06809432237231602 0.02470891642514271 0.003757835001338676 0.007076823566477923 0.09859105149132111 0.0469397011218028 0.03890921725988464 0.09265955603327665 0.07923293056907835 0.002662549053121614
 0.02074809817579993 0.003853006854611012 0.05421475199301164 0.03074048974064867 0.0845589575258025 0.06525828067412062 0.06505032514065118 0.05345185656473589 0.03058041416848022 0.05843264231183293 0.03254818184322641 0.08964945028215332 0.06440602696809095 0.06308475539417283 0.08028212880643215 0.07622119175506997 0.01910324978728042 0.01083628606167945 0.005184102692074248
 0.03889025457615761 0.04991173310463148 0.02026850252464751 0.08194006720333671 0.0673741118298276 0.09841589460821837 0.07166895758010428 0.04218859729723241 0.06637050385600245 0.04076427637165798 0.06086394543884584 0.07314895408564347 0.08817278880239195 0.03457438620617308 0.06089728603555557 0.08489174220568227 0.009412842262848801 0.0248493643590756 0.03235974269700917
 0.05003231073044499 0.02761742646326776 0.03367026955897798 0.009265208368177196 0.01983362523024956 0.0690829845554182 0.01165168257725175 0.09398989990863391 0.02068872484766134 0.07699877515162835 0.05959216883277922 0.01823437445637711 0.02891556597105954 0.08847812385309949 0.07435018720358545 0.02468496711288479 0.01469224745612966 0.07701895657910386 0.01940887269369253
