# Created by Octave 4.2.1, Thu Jun 22 18:23:06 2017 GMT <unknown@unknown>
# name: Theta2
# type: matrix
# rows: 12
# columns: 26
 0.03686323414745746 0.01080690483251184 0.03380782040493649 0.01748032144074688 0.03602938520715798 0.05130372589446756 0.07665418718658742 0.05898032318282725 0.09083997634861526 0.003371316291590302 0.009834066005556445 0.01895326236732799 0.01019299574649975 0.005412982473420584 0.07055007549224521 0.05877953766478913 0.06043633213232479 0.06202346125357103 0.09048419613606058 0.0512477575251938 0.0423875399614087 0.03675628030432753 0.007282053071808241 0.09039534970602413 0.09642313639320289 0.05346997583496701
 0.05392064718288576 0.0248442281657673 0.01500751684061276 0.07815911194049308 0.01990857166705587 0.09986794557450693 0.09198464075117525 0.007353488512218691 0.06502786744677824 0.02833526557482594 0.03566568915304959 0.02540743635249007 0.09503276443642714 0.03397930784662657 0.0258361619323533 0.0565086311347872 0.07758661319622495 0.08363004013407596 0.007851995578907615 0.02645819073561709 0.02761699747284246 0.04925585260845182 0.0682780519349904 0.007578123019377263 0.08226005628004564 0.09649866120447835
 0.065363588299286 0.05772270364123992 0.01289348353066992 0.04445529819862305 0.07507633139599124 0.06496853766700753 0.05400152115243423 0.0528517010689291 0.0606660844788967 0.01088510735469715 0.02733418534618752 0.07957095359283051 0.02230312425312974 0.07599706206199164 0.08539914409930385 0.0179008428840315 0.07048740413266799 0.05814605276032411 0.03779573779818843 0.05498231992297829 0.05339181805527574 0.04761191628299711 0.04634703485977927 0.04294117073279033 0.006194206911499493 0.02545210565487446
 0.07445937696383302 0.04457375705823412 0.0149649887014165 0.03692271657698373 0.02716338780177156 0.04932736070750494 0.08083086833105994 0.02315276016341023 0.04502644396127944 0.007756262689050324 0.0960434703277035 0.01705004822454846 0.03695264488598165 0.06701920322839919 0.04725647652599784 0.0201898146883682 0.06218989346265006 0.001275248083382867 0.01455936625967754 0.05971398991419563 0.03116945064646081 0.01449112755433671 0.0504980079019557 0.09400833978531761 0.06129575644421503 0.08581901482765228
 0.05780227921997646 0.07279800776257543 0.01845972301428133 0.06423100139180074 0.06940273980390324 0.08294508757960098 0.09726714453399238 0.02585946493759397 0.03864036264358879 0.00310229981244156 0.0482900572306258 0.04773202797859713 0.03001527196351409 0.07079634095663387 0.05527135659526035 0.09757914670109756 0.0102952209184238 0.04359064496691156 0.09969433625366771 0.0002785532127631151 0.02848970264006163 0.06322476298154925 0.0259152430630995 0.08552439212910556 0.06473303274614181 0.05539863646666741
 0.06714171384566839 0.09848190619218336 0.0831685505529766 0.01557045383267244 0.09520972946122215 0.09642134185431006 0.03923083822447142 0.08029856588604492 0.03704110954901289 0.01699304591616446 0.0133395162447354 0.02036096474497587 0.003928039986479397 0.0725223165726086 0.05359226684638221 0.03744708158215325 0.0914641204593804 0.01216706528583049 0.009714153850043875 0.01020166157685845 0.001922094056137129 0.09161911470531074 0.09331480547119099 0.04915806636828957 0.06815448272694671 0.03610771622474156
 0.08382554405548195 0.03125392713670987 0.07592498614912892 0.0737321445565815 0.02483360656200487 0.07933705340160498 0.09028767933141203 0.003411236981031356 0.08357313427194193 0.0222479781644862 0.004819176495346371 0.0648833320780068 0.09701259838486918 0.0125001123443054 0.01867634182715099 0.09852596351776272 0.01189286074431211 0.02009098769260478 0.02689137430992455 0.09715293065385459 0.03054002157657944 0.04511348136602105 0.08418697331611576 0.05104141257120439 0.0004108160198466093 0.03490781266812724
 0.08872969258134644 0.07665100180958323 0.01513476877241418 0.07521558030486837 0.03176077601330853 0.03721746133313396 0.07669217995034019 0.008392851335204347 0.09119540881987806 0.005614229816198872 0.04784004315826515 0.02059107313479206 0.03832759412506771 0.02679103292042479 0.005212296321131897 0.05595164535294334 0.07221521635940384 0.04593208197266471 0.07456625212911902 0.008130770533239889 0.03026872602328032 0.06042923032436063 0.09443384728704289 0.06639292998948101 0.09728619206065439 0.06564061474606346
 0.07264817784890495 0.06168234263121584 0.04472545412929338 0.02683521582518728 0.05036321328465794 0.05384304823094931 0.05657101993774514 0.06425439554215441 0.09003661379791721 0.05658381127023449 0.01852050417627691 0.08630350508808919 0.04799583775035253 0.05924545574272401 0.04735504690109112 0.0216551606926222 0.08245675027560125 0.08587808520617249 0.09545499916359361 0.04805387921616386 0.08954085854515384 0.08817751166754256 0.0329643565503427 0.03509177053260136 0.0323017777953986 0.05800335180377072
 0.07077972291798364 0.0115431117449375 0.07415140367885538 0.07063884975425673 0.03995466031582413 0.02308315049099187 0.0338237297090631 0.0592179109321901 0.01229934316387441 0.04541416242913848 0.04409945109029048 0.08736669135530956 0.04261940680272948 0.0507990647485894 0.06458862341303252 0.005524957315512761 0.0673469936711923 0.09887377614105078 0.04110112169952967 0.03624805407959145 0.01347505033741423 0.08864894633616582 0.07378616655407497 0.00956695331471295 0.05382186602529375 0.03518660260901268
 0.06559681254188041 0.04553452381964495 0.02807287379171629 0.09549498866481067 0.01192852252014071 0.01598858408821876 0.07089437665503985 0.07535074880913492 0.0574642127797935 0.0165139308021998 0.01953071950457729 0.09692185901902081 0.08682792631053268 0.01947096838861628 0.08309129593924916 0.01757094181733018 0.06724062281834825 0.0125017755470773 0.01992234832082486 0.06354670236927483 0.0746674360477492 0.006519493172433092 0.01269792802398765 0.006282501457934036 0.04955385909403624 0.08143209075659104
 0.07435121213759315 0.05374603339396213 0.07134379922246241 0.06344371282504302 0.01160110162933199 0.01018412387381692 0.05628759550185863 0.056985426384953 0.02751713895023605 0.06128618046190071 0.07721148992939905 0.02502724296595569 0.05434341872986207 0.09943746128792376 0.02005341831036086 0.0149445280962988 0.06545067280687708 0.06708608621561639 0.08670542462259949 0.07189112470140943 0.08291170331501123 0.03018266465704879 0.09551870002685715 0.03845326999040986 0.002272121222907946 0.09318343580242598


