# Created by Octave 4.2.1, Sat Jun 24 18:12:25 2017 GMT <unknown@unknown>
# name: Theta3
# type: matrix
# rows: 12
# columns: 51
 -0.8385540308997314 -0.6299657026976553 -0.173152324514199 -0.3644836290090587 -0.5883221074681371 -0.6098398066647476 -0.5068812965782984 -0.3912357922405471 -0.3646157554201714 -0.3415125638764459 -0.6900894573960639 -0.3758932850617966 -0.4976823190626566 -0.4476830688250417 -0.4908752775705443 -0.6002011360090103 -0.4176713485380162 -0.6443833705825727 -0.5702816580788722 -0.4497232179504292 -0.4343189697150819 -0.6008239727118849 -0.5753594518407691 -0.5496507162084107 -0.6253382378356781 -0.5217828112379979 -0.5061292461105501 -0.6337372523335475 -0.3582998121009296 -0.4435653599432161 -0.7007616719930562 -0.4696131341018397 -0.6069564238119405 -0.4801260966453139 -0.6169999649310127 -0.3627814204028134 -0.6868466124178227 -0.5165270058212478 -0.6948045336341285 -0.5465399064363862 -0.4702542020178819 -0.5782720902564261 -0.19600742805505 -0.4296560946652656 -0.4644119399764527 -0.6583424693349476 -0.3028480771291389 -0.3744004647286142 -0.5113778907180869 -0.4521398069272003 -0.5929955125326274
 -0.9297117885149844 1.204630994314596 -0.6723031092735341 -0.323534970795983 1.021965144131422 0.2085506839028859 -3.393229753957067 1.466473403479182 -1.505564573392019 -1.801546117280136 -0.3980004822440237 1.116007497196265 -1.342783450422312 -2.132626743563389 -0.6779226399473319 -0.4210973586308349 1.046620149830057 0.6265461357538684 -0.0902053801933895 -1.329931992428338 -3.792615963604221 -0.1611625817564154 -0.7802314162194505 -1.00172676442291 -0.1261315522435421 -2.000790775835591 -1.746952601264291 0.6913667576101031 -1.171031094662094 1.247138617922065 0.4394458455788122 -2.231243074540436 -2.295025835011586 -0.591324231125372 -3.76372657004276 -1.095244477346705 -0.5734495728613606 0.3604584114390268 -0.3402012400383057 -0.3781919090444708 -0.8558014128623169 -0.4020446801564023 0.8561105757598214 0.5503753615779288 -2.136614032484873 -0.9176216701081591 2.18018431674404 -0.05592792352636552 -1.914401431890034 -1.294161330935068 -1.082128640465197
 -1.232060848454775 2.410380084485186 11.81523346847615 -2.527513360792109 0.4270642261308811 6.089280854249613 -9.05243057919008 3.11183569668947 -3.812245962457978 1.047965846695167 5.203217613081098 1.260306328901297 1.129746860822683 1.334015312302135 -1.809344987514816 2.686533010051391 -6.179201182173133 1.95394611028212 -3.847921443708771 -2.832991755175162 -5.847582613752107 1.05670009847622 1.278113486310152 -1.4573325893902 -5.785753110897232 -5.047818372731325 -9.719908109335938 -2.436351042436373 -1.324153366488151 -2.852819315435476 2.539964145347235 -0.6720328886051762 -0.4327228882655687 -6.192356166470755 1.886124384331377 -3.233498716389877 -0.02124848492113873 0.2450267780617462 -0.9352449090256844 -0.6657909190967405 -0.6262992997323904 3.335063168882007 6.635886737851823 1.622367605430215 2.550754182832469 2.176704562664809 4.12229379779485 7.715131176848303 4.449300644796866 -2.954749624692563 -1.507453963993955
 -1.207066962339093 0.4433032711577274 -10.11426122359009 4.012117228456303 -1.607821037338071 -7.75699069930165 5.159409036129391 -7.098986366747914 7.369627236144506 -8.168755885137939 -6.641015703580973 -5.025230985629836 -1.418458960653319 8.190741474314811 4.91391606667011 -3.992541764019838 4.500165519440543 1.011739929675251 0.2218499842724742 8.337992017132468 -3.932808537748608 2.295243112455907 1.442525705388024 -1.073601768315043 -0.001209337283032284 3.485424216700235 -0.2348393788950052 4.221857406541806 -13.28602624436957 2.89871912953262 3.326558211641766 5.371861148912232 -5.429204619579044 6.226398017395571 -4.891574154517137 -4.621951337792527 0.05643459071797734 3.226658435077052 -3.284685270426194 -0.9462039586029152 -6.764769461667937 -1.648011877777408 -15.02438947957852 7.73580708994313 1.557627516939587 0.08147993370853285 -1.771576370628323 -9.321085497546463 -8.713584422000284 -1.991666359178927 -3.045173851356561
 -1.638305522387435 -4.680527741916015 1.232476021680426 4.265639450366636 -2.870071862298552 -3.472538702726654 2.013365692767366 -2.41510584290204 -7.142490808141974 3.134788223313556 5.569911395746078 7.521697570114009 1.933322329410808 -10.02738302536498 5.400877863881672 -1.057996276471789 -6.139750668600797 -3.332103342181137 1.005460303043821 -12.02227534851326 5.902740875465397 4.233854184716158 -9.81002695178478 -2.711968598897725 7.167944024385847 -4.542238092358096 0.7728926666451832 -6.793692496580245 8.931890193702872 -0.6489955758594574 3.16676755975786 -9.460237293618174 6.368802074635938 0.8441792917306465 8.054242963312793 -9.412292400573962 -0.6637551446048549 4.232199197809017 2.204822774761208 -3.839914179314246 10.24949072532975 4.003396761028673 2.094504396043211 -10.08310925000259 -5.354955005883332 -9.186338179856046 -2.662039347699536 -1.192013563536691 0.8180021183836028 -6.280154972806538 -5.65908174058716
 -1.360151012269698 1.352438316082258 -3.830922871885761 -0.1915466919138323 -4.896692672877542 3.283108950023859 6.152198676306631 6.902074527293387 -1.850804292934804 -8.190507185322037 4.18170445713396 -0.2615695920216385 -4.891696031402617 -5.883719451050835 -7.131833570833364 -0.356468391549754 -4.767932249589761 1.120630495820153 4.564787210613739 2.2602714116257 -2.033702040309703 3.428353181754774 10.67246769588335 3.511913023765675 -5.169083316022704 -1.456001594773809 -3.849635649833846 5.54623513009301 1.466595804264669 -4.457827372453111 0.2015495369487553 3.589475613270391 0.7143483795347696 -2.476705679271482 -6.667583231581759 -7.004650763778244 -2.34523673222376 -4.785578625397854 -3.774724354050129 1.256580480934225 3.091431946023332 -6.571983652195402 9.155656858188493 -5.940788509956694 -6.064615173878745 3.329017180445632 -0.2126144420974917 -0.7630096341175824 3.777628352121564 -5.75149517612711 7.148077507431437
 0.3675343454528884 -6.355097977715699 -0.2153358769794811 1.131062316374342 -2.352850477617292 4.54603200134062 3.214073629808178 -1.58151486900089 -8.672956946730579 5.48833072041035 -0.8982660147297215 3.473006376109677 5.733508478873622 1.649745028322405 -2.804366697587367 2.960054829850691 -0.7394954881717019 0.3314211755338913 -6.305641003280279 4.383046773716475 6.604075051198975 0.7842527166024902 -0.03476136782811404 -5.462559152705486 -0.9416133651872071 2.844417687650063 1.480291300955072 0.3514059380897577 -2.928864790944417 6.956432780547733 -6.758585944043817 1.229674001805619 -2.105782380555763 0.7603971269132518 1.222328103762672 -1.374958057247986 -3.429202714673171 -0.7133659966963561 -5.586401140634512 -3.238740256055763 -3.334628319917698 -5.741380001568037 5.541387433656233 0.2409603159908181 5.564522416515449 0.7912584146178573 -2.73041181167834 -2.605822535650836 3.169565338210396 2.05182280185697 -1.888132914673543
 -1.277436807027533 4.191812860312306 -1.59908664665828 -3.891351147704413 -0.7260694824176839 2.671273326694581 -4.430367096549196 5.636925213917722 0.7673134441791326 1.947938241508687 -7.407636614287158 -2.45031029769248 -4.584525634783098 -1.008682282110297 -5.505222164718529 3.547305119608187 1.020562136305755 -8.900458678069143 3.58292252744988 -1.758748636064168 3.080391730112474 4.870502995071915 1.620462090647683 -4.847547690921222 -3.244346404632954 -5.179037979251218 1.775722784730528 4.116628789665943 -0.6917047411416196 5.430647931318125 -1.143808102293315 -0.9603974682770465 3.283388903156871 1.233949504461131 -1.817879719315105 1.337424718558534 -0.6652845140891112 0.8841161139502371 -0.1281433656555633 -0.4744795659278834 -2.130074453160235 3.827860709664067 -2.590601280210809 -3.440716454104743 0.9569460414866606 4.112024812279957 1.379073810612642 -1.779830751304836 -0.05648951877430592 1.595851974882569 -0.3257129066691515
