# Created by Octave 4.2.1, Sat Jun 24 18:03:31 2017 GMT <unknown@unknown>
# name: Theta1
# type: matrix
# rows: 50
# columns: 19
 2.129371311827318 -1.774290331505245 -1.168427659479952 3.172344655409217 -0.6190279141635315 -3.454730954893772 -0.4671331773332508 0.9555089234126801 1.028134773655716 2.29685098019956 -1.421868262239501 -0.3692488671352379 -0.8708221965135796 -0.5679656974748943 0.00686438451522509 -0.5944749374213477 0.1148677310645069 -0.1521013287772617 -2.236913076421753
 0.4747225832151566 -0.2553758522125211 -1.966539889796885 0.5403509195591062 0.9821965159627291 -3.879942384300771 -0.9968414279753424 -0.4470608624008533 -0.3244857169712145 1.357331874266422 1.234936468336891 0.6706298617743588 2.888592540759019 1.208526880780818 -0.4197675635518724 -0.2591996813905201 0.5225830060393766 0.5720880118512046 -0.08244921548918008
 -0.1418393883063837 -3.441169913885822 1.339713147065151 2.505899698439273 -0.915386433933092 1.186075221324644 -2.192139941613064 -0.07048698811203243 -0.7060003357062129 1.832556027767464 0.4830101027887493 0.2759510202479116 -0.01871263210930759 -0.02250330769979188 -0.8862383061234544 0.9835154558275988 0.3333562005206991 0.5467654886178613 -1.149073281804618
 -0.3881439444770134 0.8564477378242331 1.856605209059421 3.008732032848001 0.9387894498236881 -1.288568527478902 -1.548548491199099 0.8136703637821493 -0.7820770355148648 -1.552559814456481 -0.4274921124836431 0.6194489439116225 -0.728518232388608 1.611673158110463 -0.9236341733599336 -0.145622020864404 0.4516110971646038 2.898478634670218 -0.2683462828633367
 -0.06503987817920981 1.371221082383449 1.306116108338179 1.340148780930599 -0.8995381666742942 -1.664356124996408 -0.3074263983445741 -0.57929001571862 0.7853605675585501 -0.5728576281830298 -0.7258922663217191 0.2177336420835974 -1.283192985219027 1.847529042898247 -0.0108918779263519 -3.051342990073509 0.8510469007924505 -2.018731211506964 -2.078217455785639
 -0.05372651510665793 3.284291319644669 -1.481752339778877 -4.4631878577337 0.3980057184964167 -4.683539143689556 1.225253012832932 -0.338830251124792 1.564139357734264 -0.3605353115163086 0.840784694958524 0.5478159468580232 -4.452413905683825 -0.07831821992778151 0.2468449640098864 -0.9620472696016129 1.442304295142859 -1.944320987530378 2.675464816388351
 0.4062146831671781 -0.4279583646909631 1.208660750246602 2.888593808955202 -1.180030010053441 -4.342478419602339 -0.7746496843184764 0.05811559482259007 1.218265868109251 -1.00346489723876 1.790578834708065 -1.34331161786429 -0.9844287888229205 -0.1657418533761523 0.1124193912958226 -0.09560229609069207 1.253434192023339 1.056913008346526 1.555082026762639
 -0.235555303129016 1.938957607906122 -1.630371124350752 1.939290889557117 0.3185207980318659 -2.867337763512436 -1.966821555205854 -0.5319114245003728 1.431220737666075 1.429163182285171 1.735613570876735 0.2035390197437699 -1.69483220473953 -0.4317811378725214 2.642902510096351 -1.703723669910292 0.7332391945297488 -2.375528706692957 2.103271651031429
 0.06216200299753122 -0.7408553087734113 0.8440925995568693 1.036235962177239 1.37812316090995 0.2063388561598692 -1.179692953849826 1.293808712741613 0.6215483741674217 -0.02594764307056278 0.2426553983677419 1.026130485208168 -0.67795211166763 -1.178412559386488 -0.6852934596527027 0.738654961924253 -0.4193752822006085 0.07531022659777842 -1.728619812545993
 -0.8461366382883406 2.0105746056707 -2.506031891398531 -2.30257785092701 0.3851545691231041 -2.119418963577479 0.2119990232207979 -0.4552685269241779 -0.07682323433964773 -1.551407911551109 0.6772535831284627 -0.2500327107527345 0.8787979700334406 0.6980687111649758 -0.001891506496313531 0.9146045554625207 0.2351996753486217 2.701726992145315 0.6219886050901592
 0.08855889112575945 1.724030539114586 0.08013569902382833 -0.5396681897677479 -0.7308206688796465 -0.2148415330878316 1.105375328324744 -0.134833878706442 -1.332564867955704 -0.3020178211847088 -1.090525752625358 0.1420629252050431 3.089273197665832 0.7213783862479789 -0.4839828685896688 -0.5774921479162323 0.9045255300945583 -0.4841147433612369 1.676165964804723
 0.4507081250655294 -0.4722432449761019 -2.251608843042511 -1.628327144424503 -0.7249479011415869 -4.927475555902756 -0.3220544043804152 0.8291902871908878 -0.7688372366252516 1.561647138858492 0.5618718023401075 1.467918449320378 -0.7118243873090031 -0.09495893249287123 -0.8491830478229531 1.00510079185042 0.06593428410503537 2.288776407498489 -1.898020145279609
 0.1249773730621868 1.280944526549482 -0.7853110232074062 0.04192994175604135 -0.01313915920428363 -1.196737779274753 -0.7225254450744898 -0.3936011071828722 -0.3362991508363229 -0.5786937572446024 1.124156866770845 -1.173942629477576 1.133364475795235 0.7606824853988912 -0.07319298575133296 0.0009252729536601155 -0.4400652169913684 0.2859088365861594 -0.2827509251993788
 0.5534142794947887 0.3095485387758554 0.4326029354325588 -0.3601094449456523 -1.223778069684859 -1.118396354805671 0.2952813200953738 -0.1545459593439144 -1.365973169772986 -0.241580353229263 -0.3814309500230962 0.3312767631850187 1.405425579482113 -0.4050157747167386 -0.1251610932885188 0.9599642971165983 -0.7883618967301979 -0.8748865651536007 -0.1763274976242149
 0.8069751885890343 -0.7697918632097853 1.434599986602833 -0.6889731002245151 -1.083342121668568 -0.5677957695035154 -1.718591575535976 0.1061906986801944 -0.3871364377081253 1.390157219507705 1.174256841022656 0.6076919682331345 0.6445517774839018 -1.702204017642728 1.023235427453016 1.582622662028288 0.06706063325435603 0.7450456180610993 -0.7197705167866698
 0.1522377910961876 -2.230052710757032 0.1208571633220834 1.144433911358526 -0.7139714888911249 -0.8366894366022781 -1.212587212148044 0.8580446699726737 0.322914053815997 2.180069001801102 2.172872682550395 0.06791911142513386 3.453152276575477 0.5561160523063789 -0.9261081793796073 -0.5746527414499577 1.69791888710711 -0.7732825245448792 -0.7775601182898555
 1.717605932068674 0.4316583793840876 0.171007110986236 5.907897213006348 -1.48437812199672 -0.6257197503327996 0.01995083114292773 3.328217983791718 -1.579733353864941 -2.37877205443312 -0.1671175601745568 0.585666708500268 1.375979557676547 -1.257497106166478 -3.581931483721948 1.307326095337854 -1.735831034639367 2.848871049170175 -0.8715775809587867
 0.2073350821071703 -0.1584395739242589 0.3948084940509561 0.1274778017425899 1.337958008006572 0.02631860585536893 -0.7351715488067527 -0.6384186044765531 -0.182965474511147 -1.330975217847076 0.3067627348853165 -0.8169318330959111 1.948888728386601 -0.05769168437459606 0.1766196948020141 -0.8963786243311049 0.3986783041460372 -0.7666189532096461 0.8480480472983263
 -1.017149354694917 0.2427443232950702 -0.8496537866033689 -0.2057215776861349 1.042072112495732 1.674555400110201 -1.336688525217059 -0.2945101264354029 -0.8588047447329099 -0.4367374128452213 -0.8543137413183892 -0.4018594730548167 1.018242267926738 0.2800438084067222 -0.1950968710819114 0.4925298463272818 -0.818865694531046 1.319662482089935 -0.8204972263225121
 -0.3385532772714351 2.013699032904673 -1.708913060473512 -0.03996035527872286 0.5404679969729633 -0.8241938985020019 0.1211359003107299 -0.7550252754695086 -0.5795922476282005 0.228745172515541 1.285013135408088 -2.108310147973124 1.270297779548594 1.633237285859359 -0.2544704390832878 1.772879688203872 -0.2914658800933458 -0.04629050097290556 -1.250668671625321
 -0.3697544560130405 -0.5013931705860539 -1.974589370002567 -1.099836397589407 1.134103035120006 -1.626669611892486 1.743645884195689 -0.2345706922396883 1.816873943422309 1.505840545837068 1.043706661341914 1.313646248647088 -0.3836199152917664 -1.178873109349533 0.3533023550353519 2.107493204068063 1.981148123926373 0.6705331712084296 -0.6860245324153244
