# Created by Octave 4.2.1, Thu Jun 29 18:15:57 2017 GMT <unknown@unknown>
# name: Theta1
# type: matrix
# rows: 50
# columns: 15
 0.007646197922878654 0.01129227814246944 0.07711793972430613 0.07928095118739391 0.0200972384648091 0.03866780305358321 0.08255300835164721 0.08997614253680998 0.006312957553555247 0.04118392236972804 0.09215021487871163 0.001363556130582548 0.03455226054848664 0.04078159172340805 0.05839584122833401
 0.07706351829923799 0.06153302308033291 0.06848699878681501 0.002560840068463925 0.09460792787183002 0.09732109705556578 0.04176863191482068 0.01147985663088233 0.002840378202421794 0.07751897624759936 0.005423990730362697 0.04671019015899838 0.006478042601958893 0.06512484966341565 0.05257389098324215
 0.04346427180738354 0.07508490960533129 0.05435510256894965 0.0871356437272247 0.03970988422517225 0.06048332101285768 0.01396084852098398 0.005184824857110341 0.0212764894510069 0.01757744732959362 0.08040585315158641 0.08597357144714218 0.01008979323772536 0.006682141552677316 0.04257870136573799
 0.08507043952303719 0.0345754260370766 0.005988208997725268 0.04526393627042436 0.03927656634042512 0.06910222447957025 0.05143936903604353 0.05532755772252288 0.04433520498514971 0.003742443614016704 0.04469551838427524 0.09643126501408521 0.05312465639659412 0.04554388718711212 0.02002618606619293
 0.08842450889161282 0.01440130922552567 0.007231272195291021 0.07761265751015969 0.09826909016118837 0.06003673301780166 0.02118010445693548 0.07861614198758503 0.04996913662208825 0.04837911199757003 0.08121139845394179 0.09433521822502894 0.03423920840267101 0.06712668528610811 0.06002349274882392
 0.05755609648708797 0.001785034939753043 0.03943242665759494 0.09514002008918848 0.07034908365239076 0.002408952410352021 0.01166846039010261 0.09620227601570937 0.0157795985933137 0.02975435303904227 0.07366201831478042 0.07491629565219894 0.0814947646773351 0.04186452778320963 0.003056105150939896
 0.0518345629532327 0.06299816276457602 0.04467797817500278 0.05317842415351472 0.08361898848575981 0.08205306244787568 0.009123117933242069 0.04861640864219662 0.03915234699302649 0.02043619804678892 0.05120840242614474 0.03667577316285033 0.0442896332228711 0.08268552850627642 0.03085209641384104
 0.06490479334568787 0.09604935748051951 0.05947476394412048 0.08453625491565536 0.01504572888844878 0.06239663955652643 0.05496217240955199 0.08461510714968157 0.05188869812147193 0.06569582812543065 0.03048766094522341 0.041938820967703 0.09266611546562967 0.05353400302337904 0.07652622009156508
 0.0487020947836347 0.06467304290776278 0.008301450567249317 0.05783211877073668 0.07424113242942496 0.02441047892770841 0.02489234601671149 0.06050729240277334 0.07083426682950085 0.01159238225791608 0.03362264558394602 0.02491888310150457 0.07470092432964928 0.05179915209598696 0.09336056801149968
 0.05003023876144843 0.0539379074898149 0.08986712519727441 0.08086892846833978 0.02691874985109909 0.06933030553247155 0.01943559922088165 0.06395102989031311 0.0374769778621838 0.07642089695726381 0.01172855000715914 0.06283712930715148 0.07878991349072409 0.09481012529239416 0.02760938172277819
 0.07564635616696438 0.0273855094842793 0.08280564848731829 0.008312067293383778 0.0143625232332591 0.06891875831884818 0.06692465022947261 0.07447304945531086 0.03931575540834052 0.058679237149691 0.06070456891123088 0.0179709996874178 0.07257268233145209 0.05754903253487363 0.039684906412832
 0.008509849087000669 0.04550982208315957 0.06681258714839462 0.004039753015197027 0.0103755535346444 0.0547061836822299 0.03171242427758945 0.0282374757783342 0.08763101593074067 0.01573539685914998 0.0759897551130744 0.08647202079865982 0.01491604881327606 0.09041266249789864 0.08164756373975013
 0.05705572504864788 0.03796099642956133 0.08595358984299621 0.03188081508003944 0.04962980476127148 0.023795045185634 0.01757469354121494 0.04337741332437422 0.091391685009276 0.03548757708611731 0.03696775813289541 0.06311925479753004 0.02729904256467628 0.09090389338640671 0.02807326450992136
 0.06204766950260217 0.0828241806394224 0.02025965559784466 0.0108693557435247 0.08146298590431642 0.02520783191627959 0.02447910419624349 0.04989566963716716 0.04555443494565206 0.02914981215652999 0.0702083027084152 0.09274081538822163 0.01962093844256683 0.09912733998177474 0.07784674793056781
 0.0556414635701041 0.02762216549928156 0.05572609225124663 0.06469926986232774 0.06637667425074412 0.08853983213666544 0.08266364340072505 0.005717346465933153 0.06653163190229418 0.02895996621418146 0.09327060342577884 0.06489188688492228 0.0246815912027379 0.09761666968900395 0.02901049362934625
 0.05996461070690778 0.09118594633425245 0.04676974856883149 0.0839662087110815 0.003521165062828795 0.03633984862695155 0.02257391020029089 0.08672458947552072 0.01121899096646235 0.09644465653296995 0.02619692226588475 0.04130545825999792 0.04679621746835512 0.005519502043578299 0.05837756981305072
 0.05875408976780196 0.09814162874087569 0.0401195636830854 0.05600041769270538 0.04834979460701909 0.02019126038208275 0.001608513407831662 0.03255860534946968 0.01873399673659875 0.05301270323994649 0.06043238707617623 0.04446054125246247 0.06001082685291298 0.09970909156949849 0.03048320187839552
 0.0961235297592927 0.08459240883732179 0.0114868872824476 0.04882255772876389 0.007945818858308666 0.08100788655763527 0.04917377165733993 0.05928366651483148 0.02197478942422013 0.03549251209873156 0.08489278677658203 0.0172856404834506 0.07483168257774732 0.06214068788602838 0.03753959585215465
 0.01736663616440515 0.08612274135464229 0.03058655316363856 0.005405355457152176 0.0252834454953976 0.07750612917767126 0.05657086263156702 0.0669709953827952 0.08464909185223687 0.07611784037320755 0.04925219999966066 0.03728315922751046 0.008922179673453405 0.004862800155444651 0.05323338630123484
 0.0761566566147585 0.003139892380970859 0.02836871710782392 0.06983222534158104 0.01579060020340468 0.02621259108268667 0.05813113998924282 0.04653595717060278 0.07603149118791942 0.0650220421268535 0.03855452121261667 0.001583897425853114 0.06510248307760327 0.02331070920036459 0.07696423342445401
 0.01431985919538574 0.08639663762908244 0.07225437446302478 0.06894435655873477 0.03010571172408521 0.05518299443490051 0.05113873099100861 0.04559005578675752 0.07784197546845367 0.06885859073312377 0.007889856824785817 0.003539389812978515 0.03807864100953028 0.0615311039693049 0.01994279584964844
 0.006788925800215733 0.08299861606286495 0.0008978296945506604 0.05777983838641164 0.09361945090229129 0.04604964439493774 0.05308598209534735 0.04755771981464954 0.09345383533501182 0.07690696706059173 0.03475406010307403 0.06575096025991931 0.03177206976450044 0.09533659825572441 0.01684716821349404
 0.02611838329935937 0.07071618915214015 0.03359012960831166 0.007768879567334801 0.02590477481533064 0.07068785698010732 0.03565741271297869 0.01732849431340313 0.05856446206445739 0.01621626989487575 0.09254412676640031 0.08938401940128664 0.07494320701118014 0.07495485371341462 0.06218637439695775
 0.01039530915505728 0.03998085732802895 0.005233531187235223 0.009297868593739293 0.08325303431781891 0.0571358826874778 0.02246586759343193 0.03507517651083498 0.01093701499018997 0.08170693208791754 0.07754934743843014 0.01309651607317248 0.04323422956626832 0.01360671929813761 0.06070650942391372
 0.07896473818084832 0.03431149495657266 0.02586153157667234 0.05970555231152506 0.06642229141463521 0.06467171227873837 0.02951398028612096 0.005407344582695066 0.06215705543197181 0.0001080378600518062 0.042273669030539 0.04743384722470796 0.01258156642584774 0.09950884943569917 0.04678942729930381
 0.04293259885634092 0.02081866557195911 0.06165645670702905 0.08438372711901267 0.08934084174399322 0.05241822109342213 0.03269160778334493 0.08237642404719675 0.04194271826869407 0.000476132912037468 0.06119500075648182 0.01676937747556311 0.07895239646550425 0.009668822961662542 0.04424847038421902
