# Created by Octave 4.2.1, Sat Jun 24 18:12:18 2017 GMT <unknown@unknown>
# name: Theta1
# type: matrix
# rows: 50
# columns: 19
 4.95249806881644 -3.544095611830402 -2.985491002557418 4.66144586853206 -1.234598122906399 -4.104928354796896 -1.669523209881305 1.990757847306623 0.8988069286326064 3.005656020510945 -3.870491664154044 -1.155794377143357 -1.990497291941364 -0.6950981337810994 2.305424633481208 -1.440276285209506 -1.539436066954621 0.3275481767654146 -1.687856022876698
 0.6058871554027053 -1.233542925974945 -4.288276555874214 1.700453804372506 3.286855755827795 -8.083132718545732 -3.568698465365859 0.6021690664198449 -0.7319673365316206 0.3357834598764629 2.928939330809456 1.911061152213429 6.277945011277566 4.963639220110314 -0.3466393141260746 -1.381604672286316 -0.4830637902482909 -0.7399437764100256 0.00481477281527486
 -1.45332837813364 -7.184635683594996 0.9375563873837036 5.221303862825909 -3.626534882609717 1.911782364920923 -3.658835499515871 1.473470818670136 0.05363245975669919 4.724469657025226 -0.4694210900704953 -0.07660309425447338 0.6943135288198448 1.572771054728299 -1.489090848629325 3.31574247657048 -1.531213817143324 0.3805678659194303 -1.366272149350936
 -2.929387655086185 3.082949029574872 4.55827754472031 3.377027569723947 1.926974879116137 -1.967970593227453 -1.658951036634267 -1.345568030561058 -1.579860723463142 -3.688166189220042 -0.8969030158763527 1.996586573338003 1.387618003694187 2.844725363916619 -4.152212599447401 0.9240362819525194 2.692534095549517 6.19910207796907 -0.4121359161453189
 -2.322319652895527 1.476941318243251 3.603534642253306 4.147692541378517 -0.8288594745543546 -2.579796549707608 -1.051285155710439 -0.01328657532054544 2.887467020514619 -0.01782605317021648 -2.213341211725468 -0.3926647412995347 -4.042485502339259 2.973535738034017 0.05792700272248191 -4.077552318433362 1.732829463893837 -2.974671500793761 -2.52101016708619
 -0.1990993733709325 4.307742927181033 -1.525720400419105 -4.638269373383805 0.3090417335087586 -6.355477999145484 0.977516873732285 0.7325570756046084 4.577590771743364 -1.591071870223728 -0.8025509470502105 1.492310838576562 -8.29488929766614 1.489708120380928 2.119353637485925 -1.640130746764594 0.5819293313545634 -2.950143031634741 4.148770186557245
 0.9703794454292486 0.265957441582668 1.241618116531617 4.240170254700289 -2.605659515371364 -6.349246355274643 -0.5705511792679533 -1.015896836734908 3.093091584211777 -0.08180108099153607 1.250791179947335 -3.396088742142378 -2.130539224916807 -0.01393205165605403 0.5670556381258148 -0.7052434575598164 2.652744085019544 2.286947003199274 2.952278458436058
 -0.8061355327772471 2.00800681703325 -2.721610096280817 2.346371938825306 -2.067155840223267 -3.645294619470487 -0.6120163485107397 -0.5671037662469595 3.972029755446906 4.337312061480255 3.101394729034357 0.9287367397603836 -2.069440445690896 -1.530316727351977 5.889053273228993 -3.576778191455395 -0.05925097653122811 -4.129675079326738 3.283608667314025
 -0.3420336977741766 -1.428787430266614 0.6553613649785811 1.024929780491509 3.48767169730804 -0.7666141595848374 -3.630213295601008 5.322466545551974 2.079059025324432 -0.8374254303443082 0.3537572480950739 1.749264272343213 -0.1737029289903557 -4.159129389177548 0.8935906285366604 1.143928963190341 -2.434495093309193 0.959422300358886 -3.609854085271733
 -5.052057662366007 5.979487962813822 -6.980442578660682 -4.5508739242215 2.01769992604367 -1.314671255403384 0.3111293877633824 -2.056181326830332 -0.5299733049600375 -2.804050751280193 -0.280819274489015 -0.3517402207311581 1.548503157138764 0.8975421404896844 3.434866328545032 2.564133129183181 2.8905969134106 7.356804617447557 0.3871498411277604
 -0.9145213472053018 3.28546153518506 -1.235734832659122 -2.586510080109998 -3.094912869544959 -2.070200915834626 2.29815340228183 -1.171792033332097 -2.406053737574612 0.04754702442349168 -3.022660242023779 1.089760023295112 6.24112158053031 3.678339252648497 -0.5870160022328824 0.8166707526331837 3.263351494821023 -0.2684221439631889 2.799368644165451
 0.003139084603068958 -1.44477928650748 -3.212722630172181 -1.629552299456295 -1.941618839677507 -8.266598509416017 -1.864274802193098 3.170995594049047 -1.628138002580585 3.269479844550229 1.219231366587274 5.231335897352466 -1.314201050017874 -0.9457496766538982 -1.774787484715737 1.379834795727417 2.223149716031002 3.257279573462467 -2.581366423167998
 -0.4030708322154404 5.940028850307008 -1.144307507388994 1.400553517729648 0.2357656978703904 -2.836308139444866 -4.075921058213195 0.2836111419248161 -1.876089017032482 -2.315229099298842 -0.08732175160151325 -2.509845171074959 2.111001981071401 3.061175955363579 1.682755179021856 -1.308338045372416 -0.5972320228473442 1.579949394958743 -3.394755070845703
 0.01257403585723907 2.123981601561358 3.60388831122363 1.529725462010428 -1.606699175497644 0.5177589244099313 0.6906812041212949 -1.627391342445308 -3.102997512454616 -0.3761297103764795 -2.458087842332253 -2.571915564610648 3.405066462620534 -0.2138729490862117 1.2445871123052 3.456197162197017 -1.172803210362233 -2.287083662128116 -3.987934227962766
 0.692793912710196 -1.147558751947953 4.306740225337375 -1.211040239926848 -2.774518340742267 -0.1147747274290743 -2.336019712180643 -1.018724335125068 -1.737206389590251 2.29253613078984 2.652885879171778 1.383092019475234 -0.8911783366827664 -2.946757893751464 2.427728296574092 3.500807055133146 -1.193739757916711 2.829498648267742 -0.5566241267261136
 0.285430836641502 -4.886792551675593 0.8782591098747742 0.8011296710556317 -2.092788248935341 -0.5580602541966544 -1.41408618083481 0.2708176695535451 0.8663764271913281 3.804978579648709 3.839884009594138 -0.2350657500862691 6.255477463894493 -0.04863728134197012 -0.5074585987489281 -2.926420922113548 2.69332835646088 0.03960396480802988 0.2110835667470374
 2.767859411060492 -0.2678182646171833 -0.07489868800989413 8.814213170520995 -2.597669945814597 -1.662304201224027 -1.63486447275128 4.622373273323936 -3.4190817581681 -2.442335249342308 1.534954460115395 -0.2277166199880266 3.414909759044827 -4.952402703639025 -6.567455526071318 1.729495866165896 -1.429382008630977 5.783004978844619 0.7501059549932345
 2.385753163232579 -1.882949467418464 -0.8918894283217742 -0.08320928200875836 4.785689780675443 0.4375840228892994 -0.5591954655775943 -1.352030013931089 -0.3810833744135048 -2.213411391173991 -0.05731930091363189 -3.535182658668953 2.968745202281361 -2.440886820533259 0.6719114631679097 -2.721978811180654 2.30131612176285 -3.587233931170143 3.680227713486759
 -1.56650004821775 0.3852344303113293 -2.316466789621604 -0.1841404929934492 2.061958408093895 1.911495535786733 -4.018307410644832 -0.5829680453922403 -3.183149575370332 -1.072421579012638 -2.199798812137923 0.916949833213532 -0.4353071058037997 2.076157113201597 -1.48619168311321 -0.1965920660367038 2.258195690032432 4.387383854076786 -0.1684451694386855
 -2.634991624613195 5.749874143281229 -0.4903597905196614 -0.7272967623859211 -1.511369450920264 -2.576675542676233 -0.8463807373959721 -2.12468337753548 0.1960652351200209 0.2124894542476717 4.978175107342356 -3.106555191003406 2.362010181898439 3.57770617865227 -2.01864841078831 4.90493448269137 -1.85945461557355 -0.6559394403132768 -0.2563088388798839
 -0.9331354501826774 1.910515740744219 -5.921161631903589 1.426831903793167 3.201245051457522 -3.09589826615248 3.450204030024571 -4.030813420877461 4.058225962745087 2.908219239631982 2.006006948227518 1.245850040067731 -2.763120629105007 -3.432796935887882 -0.1260028494959902 4.653692549823313 1.922790196647611 1.898876471107363 -0.1882458725774434
 1.952511053028514 -0.961409826228283 2.506024395958164 -3.020924006961201 -1.306480889562111 -12.64319137173188 -0.2984003852568312 0.8535469229917855 -1.561141889315353 3.249628435607334 3.201736467290123 -2.519263997250176 -2.185667921391501 -2.112228246337444 0.7919695382048133 -3.455259423520032 -2.119834785280409 5.325899909155941 -3.273566606176324
