# Created by Octave 4.2.1, Sat Jun 24 15:43:33 2017 GMT <unknown@unknown>
# name: Theta1
# type: matrix
# rows: 50
# columns: 19
 0.06777249316815397 0.05819931019348483 0.01666395228653441 0.06611161702353603 0.006760280498862263 0.07890162086799193 0.04523729947657178 0.07394848083263394 0.05287670329363433 0.06268375781128119 0.07637992249574645 0.003420360342837418 0.01463765879941438 0.03137644516249463 0.0785376412323395 0.06083157885896891 0.08269715865950278 0.01602206228030045 0.03390280281504059
 0.05749508561224196 0.001206201990393745 0.02424467747342312 0.02497636384193446 0.004053308720138387 0.070535339075909 0.02712688018809103 0.006953633438037047 0.02112109024569541 0.02994404984634754 0.07810964708966253 0.01592978180445898 0.09546457549629762 0.04325593237208241 0.05220449495818432 0.05159638515714664 0.06574551897552852 0.05639406779728934 0.08801461990699785
 0.05572380193814139 0.0747820748147057 0.08324408188603731 0.002552881410229573 0.004576025560744428 0.04115040950359815 0.07509367491763087 0.09376711108393954 0.02821227605731871 0.08130376060638511 0.08047147168759788 0.06799475370881576 0.06270380925442046 0.0587891456367292 0.09744484768162168 0.01023820488793157 0.06306520751501839 0.09166865104479718 0.02651058126074519
 0.043892148349447 0.0272136552893059 0.05380140948308193 0.03357700550235405 0.006582824078968356 0.07339948265061556 0.006704277747479663 0.09237647240649871 0.01874758839669958 0.08695524692076451 0.05976068365831066 0.03214673183501636 0.01871087832424592 0.04919060562851933 0.01883462054024202 0.09092011749017043 0.04615463405407155 0.08292471864506115 0.06433961392323789
 0.07353722764721742 0.05369140706502942 0.09187789229487392 0.004973549078138477 0.02827173432668905 0.07828452347440898 0.01974725090086437 0.04143380750586052 0.01867027705552277 0.0348398445526408 0.03507739948257566 0.05576310033881058 0.02396757461847063 0.08022698967587877 0.0333745870708803 0.006289822472321375 0.03828199912627166 0.0722720023574764 0.005264448308288176
 0.04795401949634488 0.08094628177951427 0.03642451738177002 0.06161077426381724 0.006278396725038831 0.018078064811493 0.01558575160604797 0.05422652505182468 0.0527895970124778 0.09715999416841851 0.07725040844415475 0.0615417285475505 0.08125565023770068 0.08556021159198918 0.01828168571464503 0.05576431065297238 0.07810715316092728 0.0624780916674859 0.02154813201432126
 0.04308175956024475 0.08181040323638465 0.03058938936264626 0.09862818885147082 0.09165357502306018 0.04868106727785753 0.008723497142990637 0.007939500313879459 0.01289968991610528 0.04045891543612064 0.08107718710117426 0.009051438659861325 0.06406553605645307 0.01268494922825599 0.01981427505497075 0.02607526030925015 0.04679073487169116 0.08684844024437051 0.06781958507212245
 0.03085396948049086 0.06451479900751018 0.03548268620418278 0.02656869374049107 0.07687463406713929 0.09324194574754779 0.08527719876250936 0.08731818444012027 0.06321510281276867 0.02372717741774292 0.04166503468579172 0.031509570996402 0.01342030746511599 0.021318361946604 0.0437562952373637 0.02937659221094023 0.06157642174200866 0.08261431854295301 0.003185000882904591
 0.01607598522679624 0.008335875788981843 0.03100559812695804 0.02139991038314421 0.02118043915069008 0.01818057250039387 0.006735911335372262 0.04050729011910525 0.001484383681266881 0.03678134389549536 0.07413023432929822 0.02403613196419908 0.0641389244822642 0.03650430362887098 0.09393625603143081 0.08056119264285708 0.04875766627219193 0.0263080340837417 0.03486920494698696
 0.09394021334466826 0.05671426496183422 0.04815879970093013 0.03652468535128222 0.03913893198167561 0.08245834934109809 0.03875504674279585 0.05002938832012793 0.08153052140421821 0.04409369823370489 0.06072425212960132 0.09233723479222536 0.02029115582828203 0.0970033479648908 0.04833054403782584 0.06231530609813131 0.05017673679112759 0.09624212649729982 0.04815087147725993
 0.02483967154633474 0.04455899042975632 0.005060425525609284 0.03839420344203778 0.05045571932750623 0.03232013890983929 0.05312666835124661 0.06560044557191219 0.05479734044219908 0.002535053203695186 0.04740235868204306 0.05653872676929111 0.05964584781273943 0.03550556416273097 0.02315699947803713 0.09359742865828362 0.08126505152936367 0.02963471682117396 0.07809658278325562
 0.06374851943445384 0.01770355446414223 0.0395727846411815 0.09165113515837078 0.06989437623659533 0.02013456987220973 0.06682572864662603 0.03918601216048644 0.03743600552869413 0.09056754479400315 0.005662081075117802 0.02239274751855732 0.03457855711544398 0.03065098937598069 0.01226309568806753 0.01736108130897312 0.03330230467103991 0.02521183048845846 0.06875194768852386
 0.03164592627324211 0.07594149338325881 0.07696358465708446 0.09116493160683523 0.02073587090446251 0.09315273098734952 0.08376722337144889 0.008017925782918848 0.09221001387516528 0.09175668546791772 0.07811426234371896 0.03252623321063524 0.09304551549584246 0.007353473800915648 0.01530398786050246 0.01510177199127588 0.06067712163177195 0.005492516887631742 0.03729576442368944
 0.04527141355885739 0.009035846377720629 0.03080500626108347 0.07397687453554964 0.0216388614709908 0.04112963407763469 0.0186039477879868 0.06213468370256088 0.07909765653589543 0.08430627378402009 0.03192656595628389 0.06080661228204661 0.05519502241295651 0.03475368333592062 0.0308603476824066 0.03123174368725015 0.0754406086538328 0.06237095289383575 0.01039121617558337
 0.04686065384081686 0.02318950146754269 0.03964246261614694 0.04824757127532187 0.02435367096897348 0.0714488647232777 0.07147524132591218 0.00545842945817016 0.08579497413683487 0.01668641536756467 0.004636089896942112 0.01730754531562357 0.0389925460687704 0.02331931236280095 0.09467171541543391 0.06915652850620349 0.04332384699987572 0.0554098593488804 0.09403773617694169
 0.07897724266283875 0.04198748606639748 0.05887934469124061 0.07734040565684107 0.05856363800448985 0.03043344911111718 0.07379145048316192 0.09929033305882483 0.08325630811027353 0.06998565042602549 0.02526472550287353 0.04169211806983862 0.08839072725933085 0.09079577669471775 0.003496174430128478 0.04830269813423858 0.06061667631322783 0.04869932694053972 0.07342759063443756
 0.06133419921303398 0.03002606605567983 0.03217570701759519 0.08211812556402889 0.06801092679120788 0.0832165787191535 0.04865017145735785 0.03228896678344718 0.02364604890903865 0.09717045881725553 0.05676645720312701 0.008061499608665272 0.0483894374774191 0.01293839860343365 0.06652591509114487 0.04532061244853863 0.09680761187503109 0.04973838828160605 0.03664117092012675
 0.087116228244008 0.05112872284051588 0.06325408627557619 0.02250751526734809 0.08121222346089864 0.07554034593891309 0.01183465804165317 0.06247447907911888 0.01245538744307275 0.01121306011194549 0.02114398159217492 0.03789724687225408 0.04536292630291427 0.06761441928145231 0.03078288278368903 0.03692591657737634 0.04865999637478658 0.07308418056883502 0.02598531569441869
 0.01358029266014758 0.04383635363340441 0.08608658535850036 0.04275661578638283 0.05924205901254188 0.08501908002471784 0.09535290314320871 0.08461680216502654 0.003541970651605213 0.04506273182939968 0.005244739577423612 0.03731006302167676 0.08773619379397697 0.0343331818542886 0.07381471085117219 0.08686896117962242 0.02404371213704303 0.02969934771362556 0.09906713526682687
 0.09362309213768839 0.02693450461246387 0.00944799151767464 0.09486186264575301 0.08627869273659633 0.02528536651220418 0.04857356070564531 0.03308979724862431 0.002857610052018826 0.0578445518351437 0.09119923275094446 0.05368656336131287 0.06500852972032585 0.08223447296562086 0.05703320089074452 0.05955421399175372 0.01367593813738204 0.01471092768447804 0.06629891726311006
