# Created by Octave 4.2.1, Sat Jun 24 15:44:22 2017 GMT <unknown@unknown>
# name: Theta3
# type: matrix
# rows: 12
# columns: 51
 0.08983477256484752 0.06880177687904127 0.04456609013961927 0.02146293267506235 0.0364013264237448 0.01087603566891086 0.009978035150438562 0.08166531583353369 0.0620891804422604 0.03668605690823667 0.01718280642241275 0.09633053143486295 0.09076429405376377 0.05063826116435016 0.05984984345046111 0.0007032117354166356 0.01671203067080436 0.08746078529437137 0.05483034524719164 0.07067370001754812 0.01512691002076803 0.0713622477818782 0.05420118074396883 0.05083308629133485 0.01781923854873629 0.02846479222789245 0.02680768824249979 0.01371349888948227 0.0580865862607137 0.03209441571306398 0.0697566223188272 0.09851300713976117 0.03326513169108578 0.01521943788748831 0.02829078566898145 0.06052160810497801 0.06246318915647551 0.02933924139295569 0.06650960309844225 0.08207507575075418 0.03116678180256284 0.0200753636393046 0.05587645256756731 0.07536730001772267 0.09520947502574169 0.01087367572455117 0.01009160285495639 0.09113254896073983 0.09224918583646517 0.05468719481143906 0.03727029571820427
 0.004586361245645492 0.08252662578992249 0.005661258732565259 0.08305830707717314 0.01633090024381153 0.02897636674570136 0.05331708327134636 0.06980173600033547 0.06504128157595572 0.03115967535098237 0.02012118628854285 0.02579574823791704 0.08318953767321813 0.008598884456475057 0.0186959199507896 0.07251408696617843 0.08217626585354761 0.04011444143602247 0.06401958658594238 0.006702601947087687 0.09600150208913269 0.008672445173376035 0.02466986519750322 0.09635159758278654 0.09920916311802482 0.08664173769363814 0.05736214162666257 0.05073123127998843 0.02391076807739457 0.004963247725912272 0.09529019452059059 0.08934243033020289 0.03972075552145226 0.03811531746442703 0.007324464692559378 0.01379209616834879 0.09589746157171572 0.03504077288073761 0.08871738656556064 0.04135372327776697 0.08603421402326472 0.08796231053196582 0.01916373711446985 0.07930996082436235 0.09242396623678636 0.0005667306625621138 0.02874400431141855 0.009333793799442961 0.06300642744524029 0.01364031219332463 0.09943570535349402
 0.06767171838675994 0.04696846741095191 0.02492011927132629 0.07409176623373639 0.037589332526278 0.0153301203601048 0.01287733932196294 0.02257222745509829 0.05612663407893376 0.09456055852371018 0.06075463478396581 0.08946696236072724 0.0192695695341954 0.06670174525549663 0.007220467534594948 0.06470335942758795 0.03291906587162598 0.09105539251315643 0.03655898609733128 0.02038199048399038 0.0441275965600551 0.005533848619531693 0.05754447685891142 0.09423374884052264 0.01056020069736379 0.06121190325067279 0.004007526492764505 0.0664284939491083 0.04136508622751906 0.04964334758640838 0.00142494851320341 0.08722424634040908 0.06542608419577432 0.09799279238334455 0.02767093545672276 0.08639279569888296 0.06802763573468745 0.09267053976469794 0.090543046957517 0.05298302057137577 0.02382123050674678 0.02380505345437463 0.05937813495507824 0.08975871024530149 0.06487569049537661 0.06984754077315911 0.05733194784960886 0.08111728338354847 0.08501489018133974 0.07487521842207068 0.03345167500109163
 0.09004998961503483 0.04190706895669964 0.05008293009817111 0.07220201289290883 0.08237018698843747 0.05512092248466054 0.05721547373227881 0.0940650176027916 0.05486753003158008 0.07883694280149026 0.05237114484562444 0.0827311930021772 0.06351996168243247 0.09618271854655493 0.04386954891715014 0.02172616706097068 0.00522456818933306 0.06905925343874982 0.04749855284310346 0.0031093251710041 0.07520714046321038 0.03518757127987064 0.05136324740191399 0.08499598599200686 0.01634451227615904 0.06149244452042055 0.04549718272760522 0.003624817130744788 0.08567307105632689 0.006401210582413057 0.09392752460389647 0.0454300467707499 0.02816340960507087 0.01065533149070453 0.06582028552803897 0.06068727613655719 0.0951336190535671 0.0354134671743294 0.04423601368458066 0.09367656838485075 0.04598387022312721 0.06358562788729893 0.0317918927201917 0.04039031740144878 0.001821078672607306 0.03807644250303289 0.07745305893364049 0.02423398675896722 0.04506959099929318 0.0524060280317729 0.04729033497822489
 0.004193707472271461 0.09621134052781147 0.06952024957155904 0.06796676647059975 0.01262995920179065 0.0002257550322395541 0.06656250354947943 0.04609566476067353 0.08628502079736214 0.02296263464126166 0.04455400527937244 0.04518414549494917 0.007370464350024889 0.09457902408997962 0.01926234301026878 0.02911778322823071 0.002507890203946122 0.04938108914896291 0.02733504519072841 0.07373462072058137 0.09339166188319471 0.06298172147441175 0.04478178250873043 0.04242297334237567 0.01053378577892307 0.01659616934481877 0.01274390795704614 0.0009199246052315081 0.09017098231460188 0.0727647809509978 0.08745685237764464 0.09807604137224259 0.07326391601023527 0.03682028851396334 0.0574095122598416 0.0436750227273356 0.07522696468129879 0.08926972342835704 0.05750267233820842 0.009120614134713016 0.02197994070004514 0.07028046584651269 0.09322551003478194 0.0581055178313962 0.01421350957324503 0.09982444159974423 0.0106981134049792 0.01776089501103038 0.0724101639550753 0.04059271127489155 0.09707801054262571
 0.0683530884444464 0.01649272636709522 0.09552880896046316 0.0451398463731601 0.07441777038912037 0.002373671102639801 0.05044797266949223 0.02837314137652213 0.02079857339077245 0.07545595319985168 0.05429180268181468 0.04509621896336326 0.07768289219766746 0.01852998873722375 0.03050640467012349 0.03212095633762155 0.05551865406599454 0.01079690058959441 0.05348922525514573 0.07775342371141547 0.06859639948629433 0.09031833951967616 0.05401244827745851 0.05288853614627696 0.05568018470345493 0.002582799661675544 0.0562913891701099 0.04272023223882568 0.03515110974016684 0.03791173745206168 0.05126923592778456 0.0832188089047045 0.05624986402005164 0.004728266389707485 0.009912062621661704 0.09232244616569654 0.03694782461246499 0.07258813734498758 0.009384242557086756 0.07790942252442946 0.08015190388671664 0.009026996971464911 0.03578314539254295 0.04749592320684799 0.003751006795546379 0.09502787339730992 0.02217876585923129 0.05539504821376692 0.09137665382270904 0.07046574041466599 0.08034058909182004
 0.05404392479289684 0.09432389844929315 0.05242969923977257 0.03097623871370726 0.001636743773736053 0.0299131511450916 0.00982486437911975 0.06116440184585888 0.01293703121354977 0.09744935559683503 0.01024724505808497 0.02975225712787897 0.004812134914572245 0.01225591267336422 0.08074239845270799 0.00784017123014074 0.09270992092507466 0.05711648260947709 0.07883636982799158 0.06951902685281383 0.08703116800629344 0.01658923527641979 0.02602033606214962 0.02029359648352774 0.03761980390371601 0.05913843014532751 0.0455791901640149 0.0423512491350552 0.07590748636343499 0.04990593939674177 0.02046059509983368 0.00165364446509723 0.09963860226042051 0.01035959573619808 0.005801027902405091 0.006817884468373251 0.06393651554801498 0.03339388793695473 0.001871260083653985 0.0176320658587232 0.09506198026781658 0.08772817172521039 0.02800456744666961 0.06757047378218829 0.02613880246065987 0.09483760049612967 0.02623578599769884 0.08990722403047552 0.005038247228442076 0.02102476699262575 0.01749029782945815
