# Created by Octave 4.2.1, Sat Jun 24 15:42:46 2017 GMT <unknown@unknown>
# name: Theta2
# type: matrix
# rows: 50
# columns: 51
 0.04369173848617052 0.04655003833465661 0.08289951384513393 0.01427207292040013 0.002805278799933202 0.03197469688704269 0.04003252187654346 0.04253280563610495 0.005219867685022155 0.01141235735098589 0.03316970806316265 0.02363616273794446 0.02962166672910182 0.09273938147261016 0.09137967400403588 0.06937359038656649 0.07612911943200754 0.01712600689369063 0.0377225775606208 0.02305161904129271 0.08228045157180984 0.01074182611592575 0.03665355625276912 0.06713447313131517 0.03811702767325652 0.02716354364976355 0.05473023767437361 0.09114588236080649 0.05546917425014521 0.01019848073173314 0.06863832762052997 0.03210580121447922 0.09609924095747976 0.04079832967807724 0.009901318064223745 0.09690002835935321 0.04289246881137342 0.08060110818222808 0.0202416861851273 0.06317554376375742 0.07898346318440344 0.06298893694106542 0.05450088738059616 0.02716374205283573 0.07675872202801468 0.06450364525193472 0.07714583053970824 0.05495671808543356 0.09637792892293345 0.03974957017445054 0.02024297461316805
 0.0944687984189691 0.03531021563505109 0.002093911769987049 0.02929997564894599 0.08158129137009221 0.06002534503806913 0.07800965551560964 0.07850343924693848 0.008392696976089202 0.01385102030741184 0.0134733669655459 0.02533196296741679 0.03238209217119738 0.08450520413309075 0.01624617191717024 0.003460486416733592 0.02704498658416873 0.04485870252024779 0.08556258176398905 0.05444064666387462 0.08585162989739761 0.004363476750066213 0.04104233407124828 0.0926513043295295 0.02744915940023012 0.0824877266783294 0.06337158120626143 0.09736095323585825 0.05777934112598015 0.03949939113548 0.05201817747783963 0.08831285462147935 0.09306579893187297 0.02818663838127724 0.08813220497716781 0.09462706281236895 0.04484179623618968 0.02108779690892242 0.03076415487953324 0.09247971867375418 0.06824153798401265 0.09967118671236404 0.02789898405320745 0.07042198149414652 0.07049459947727142 0.009033509954807509 0.03702295638479081 0.0702286049518578 0.07932846363984213 0.08086565643443791 0.06661249745704405
 0.06617810046717039 0.09958416155366082 0.01137636739254505 0.002019678747347269 0.09759628210884669 0.06093981793575082 0.03998971532389612 0.09872590348473138 0.05280932794631341 0.01323232405062362 0.001988443269392719 0.01880557203722553 0.09342305715488149 0.01968345695000058 0.0002607883248437792 0.03670807477800909 0.07616045982781092 0.04458864691244795 0.0864638140453147 0.08778599477194894 0.003897237694402493 0.08796829303126 0.02604202871858151 0.05579216339621022 0.009937799114117678 0.08537366290656179 0.05670788750757584 0.0857356601463467 0.07666308566512095 0.02268976052349912 0.01364558696128543 0.08669639355002243 0.04150106249051908 0.09066204393245265 0.04220018793871793 0.07231530282448427 0.07194905495881618 0.01241680401806211 0.04623833048519968 0.03068465973015538 0.08346031167963568 0.06617992129152536 0.03029335747336733 0.02609141852776805 0.06120881502108272 0.01558622429326231 0.06054685780532924 0.04407408981181701 0.05424534924151168 0.06231954717775233 0.08838092620109976
 0.01615644254963193 0.09063163675072393 0.09142646588120859 0.09331488738032109 0.0660968821397474 0.03100642948601159 0.08368497542953343 0.0727160488371414 0.03518506261234608 0.07999051800521256 0.07339660933761262 0.04662235786137419 0.03854983786821439 0.03762020727445141 0.0182206232374502 0.07727229464446293 0.009362656802384987 0.0227733796012696 0.03209570310140233 0.06384388354778722 0.06182100881578939 0.07707946615950061 0.08064164700796292 0.01154649081374611 0.08004577484110593 0.05235611090155495 0.04231337422311683 0.06341950307921804 0.06214179987468024 0.03828677812940606 0.03669275452736874 0.08799035130131941 0.005653033108826126 0.0745669004378547 0.07798543603302238 0.0893325193884585 0.02092821373980598 0.02124296356934693 0.03195242010980963 0.03455518896187621 0.04731424639738464 0.02410857443234833 0.05782331554761255 0.06943849463694034 0.09712878819094377 0.04571239691816395 0.07650091574804463 0.02575857644475136 0.02144891363634402 0.008674537205848003 0.04036987523021628
 0.04796441896656976 0.01481139588659921 0.07910093577610867 0.01105299619497663 0.07066947675026855 0.04604534353092892 0.08796573956812317 0.08931880821311353 0.02486592074481483 0.03018936981699378 0.07096515135841858 0.09003351486951575 0.02981179581790246 0.05146310564141136 0.06425259526926644 0.01877981317002608 0.08104108821199989 0.02969335535960122 0.08005604540172839 0.07704407849218338 0.04520897164775494 0.02429751572732234 0.07038713057299914 0.05760202460569364 0.0584035950940965 0.07175217025723796 0.04243711963728276 0.08582614807006919 0.003606298856676353 0.06564565020357158 0.02232443619658642 0.05500935236946878 0.02445519357290159 0.06702560976923974 0.08375773509551096 0.04764798613820066 0.0195262423434341 0.0791387545147304 0.05824510245463863 0.08671847276838809 0.04790628415089614 0.07986495679474528 0.01242238905665066 0.05288319639978879 0.005624007690911941 0.04349099730047347 0.02506761455190408 0.07207782020964801 0.08352010927164707 0.09520933672843046 0.01634798418685098
 0.06644097005995975 0.01426880650602996 0.0977003957907609 0.08764253181255185 0.07384062145668221 0.07194345730731246 0.006456945658859519 0.04952651662717668 0.03093220937218418 0.02895974434347202 0.00636408787615577 0.05623314795922977 0.01264738364790256 0.04300678396810594 0.05398641833576619 0.00935596242912699 0.08799902514554395 0.04037829609161174 0.0310693721238061 0.06644653535802481 0.01488719483979595 0.05393383167741676 0.06328451004599814 0.05775573054742146 0.09560908774845744 0.0359071616215139 0.03231596863643191 0.03210811244165547 0.0254298957877117 0.03023237888000761 0.04561458177895061 0.08064490744825162 0.07593646413494559 0.04953304708267557 0.07432867061097824 0.09454485774129624 0.02368670730622014 0.05785225681599528 0.03066223748121674 0.02401613289563668 0.08155859890407446 0.03199653350019139 0.03639044607143897 0.05915033093603429 0.04140018225266862 0.09994511120118196 0.009898268755125087 0.08310154766669824 0.02672194964373146 0.01459331279668102 0.01091838049653113
 0.06333676535994281 0.08771077997066345 0.02959948491899229 0.07340373072067256 0.02604301508198851 0.06561054528872076 0.01748132254812014 0.05131254075752312 0.048125579838724 0.07701755532514182 0.09402428473924584 0.03709153204719816 0.01427757125808906 0.07768609963974191 0.06500317616090404 0.06268982274702889 0.02059179827817269 0.002377345401405955 0.01780416642856011 0.04142328552048045 0.004471446287121743 0.05441285509286455 0.0315047843942642 0.05372403236709215 0.08455376416090835 0.08591316784775095 0.02579771750548928 0.08933642472244965 0.01842877324592637 0.04479057150668609 0.07631143426215066 0.06190389919226158 0.07454301091878643 0.02650569836532791 0.09903908810523979 0.04537157270567346 0.06576168347191241 0.0453842665701918 0.07733887390403979 0.001941837033060583 0.03309652102893346 0.007528562303118273 0.04761113788290393 0.05662094886937555 0.01633972702090981 0.0624568137881784 0.04334018190405028 0.04447919407301205 0.03968311436953284 0.09289948226060307 0.09406949152016636
