# Created by Octave 4.2.1, Sat Jun 24 18:12:21 2017 GMT <unknown@unknown>
# name: Theta2
# type: matrix
# rows: 50
# columns: 51
 -0.5390941493574805 1.300839099763554 -1.112064151171293 -1.047159732452097 1.539411516882301 2.773141754693477 1.322154974374056 -1.187652822694446 2.934560429130145 -0.7546654070092187 0.8424322766323988 0.9483359528459389 2.227676981665959 1.626317825359071 0.4568679601172215 -1.548883973595596 -0.2321451368052316 0.6960164103747531 0.6864669262505986 -0.4783697089068454 0.04241908288450454 0.9574642947443348 -0.5632183562441 -1.398503988799422 -0.2992379772756767 2.426050215544639 0.7016449942743089 -1.91214637215764 0.3387948145402126 -3.035952187150604 -0.9088197444997748 1.078987809326473 -0.584186487072 0.3210955885496484 4.481121425094342 0.2884266594541779 -1.261822819757274 -2.811203177156387 -0.6789252297286847 -2.602898519839294 -1.768052753777196 -1.738979185980222 2.696861099699595 -0.07697774511581565 2.481338231566959 -1.744326439727415 2.848757956152216 -0.9242795371331126 0.6761239412433596 0.7825532086832759 0.5921187188519399
 -0.009350017082481319 -3.793385222381176 1.106064488737617 -2.569083494693938 -5.47848313840977 -0.9079105437107363 -5.529595523963237 3.964806853001712 -3.873324731991104 -1.995878599494108 1.582893056671947 0.3771135290554755 -2.883314435586073 -0.05274090585447485 -0.4595626089837119 0.2741982762020602 1.69172794809898 -2.815003077787882 -0.721452997170219 -1.623791577642669 -4.481211066544899 1.378501924615974 -2.157589901498709 -2.279408869963002 0.4732203052086701 4.089350121018183 4.614806654179797 1.942323563482931 -1.163321094806792 -0.5307579659647331 -0.8371371053443215 -0.4610026588337544 0.405716611182842 0.5615672307317277 2.764424989811231 -2.465519402390729 0.05888649254500757 -3.571305080288692 -1.32611378451552 -3.492321859818469 2.587924313648252 -0.1918255366686305 -0.2810227781056892 4.926784227296758 0.0347427324150479 1.546291276049802 0.2647961670847425 3.035416607366587 -5.320459142980265 -3.489116245029087 -0.5214806711410092
 -0.6860930969568467 0.3445517623836684 0.7223696799571205 -2.204813007171952 -0.1910327130552038 -0.9465011881876156 5.712556146747943 -3.159011589362757 2.026540386705961 -2.071203845505458 1.821423242209324 0.7665199076456233 -1.75279553590326 -1.202795567156493 2.025306946025996 1.499917298590465 -1.002726035375862 0.5673674738934574 1.952740431355298 -0.01391233812035311 2.966114598182482 -0.5725041566132167 -0.6124828557603528 0.8559814154173566 0.5633633824363605 -0.2579647850064771 -1.309067501794534 0.2497580661246469 1.901188270438497 -1.822332922085802 -2.148477159348989 -1.108983126259362 -0.3198142352011329 -0.2496933366527656 0.9546152132206775 -0.3895525461308538 0.4563827668345389 -1.033224767212722 -1.09144003304642 -0.707457410667638 -1.297705149198353 2.650891938792694 -0.0333322894378852 2.418205870164804 -0.3111369767658723 1.84320280369905 0.1970128638129243 -0.8023365941685426 0.2362242556818508 -2.060194265429267 1.228759756472124
 -0.5098320946359288 -1.806169813197587 -0.09005318452606036 0.1103512032543688 0.5673706158326769 1.112442960840014 -0.521972466392235 0.7556007023106014 0.1621438576950039 0.7485333830160209 1.093812837101925 0.3192185593188369 0.007347001282260929 1.449100863883598 -0.1190249319462359 -1.639130033541792 0.09719287025624658 -0.4286533649529731 0.3610136739135793 0.08129937302775816 -0.4908286514252472 2.062685435650188 0.9557001905971066 -1.200744906491564 1.030834506789032 -0.06699942610602086 -0.6845048870198878 0.03216125916460384 0.3825406302020918 -0.002389141487693767 1.756332376761084 2.32153351837612 2.202284893306786 -2.287327063014063 0.8249500495762691 1.612373326907183 -0.3717587016611495 1.809024391624207 0.4285534958690962 -0.6045746188942669 0.09147478401185423 -0.1154429771250113 0.7291280640013034 0.8625244036946775 -0.7263012246034642 -1.107781151988397 0.01308362627615381 -0.3063964146399782 -0.7231990557293945 -1.235176796136721 -0.7291656787215479
 0.7728378111955763 -0.2049298994105243 2.173865079465964 -1.485491973540851 0.710399223009038 1.531119815849681 0.4237847987022605 2.896351705644049 -1.260187113621395 2.087459413946766 -1.426139128062027 -4.49692997592046 2.503088570173101 -0.8990101864684947 -1.14216380087454 2.040938670577245 -0.2222802732802232 -0.3786576662308306 0.2302831402618656 -2.906696274934763 -0.794380734917675 -0.6134149986382224 3.790980153240244 -1.596514694140022 2.857491917236648 0.1760030719713692 2.860787579452023 -1.480459541734549 -2.500176658594524 -2.729190715472195 -1.407018929181344 0.2325651229108593 1.872341910422088 -1.400458736023158 -1.30847790732892 -0.1586591817603212 0.8317981153327091 -1.873178502508026 -1.441797143183636 -1.483236696089829 -2.65152021807492 2.423423317512488 0.06566357090047158 -2.989395223925152 1.769581833494874 -0.09499346227802534 -1.644382079688179 -0.7434550937394427 1.737860803402005 0.9682689823486573 1.026476312681339
 0.3307232902116823 2.237157557999758 -0.2143127149431986 1.427356335305741 2.47173249628239 -1.226588397945687 0.7117611960242917 -0.8916791916830404 -0.4712894591081684 -2.407201717915751 2.826573067477231 -1.065587056815153 0.9557218367330506 -0.9814829974331515 1.618765876961511 0.4209306409816063 2.685913539280433 4.744658560321308 1.214973238095026 3.297668080231973 -4.279012081554905 3.822998503207034 3.305153778785438 1.647005868827226 -1.427236685004228 -1.12443982079258 -5.621143300833131 -2.599708333748245 -1.986431516843788 0.9458061096931503 -2.136204232744598 3.612678096759665 -1.230058304273615 1.106096321033119 -1.021180989201057 1.486801106301791 6.486688098970663 -0.3999824406448192 0.08646014875934432 -0.8525266791152227 -5.438525662451753 0.310294480642016 -2.100715017950513 1.89798993294356 -1.934251092263044 -2.41908488821387 1.898563819310843 2.149462680829462 -1.403011919876134 3.077517635414512 -0.3989576590879034
 1.252584961130518 1.818264830393077 -2.76858827194645 -0.09436215742086553 1.258626451777064 -0.5996815952376157 -0.2733570019392617 -0.4380494341618303 1.495553544426588 1.615420454364426 1.790865444159848 3.234977612460362 1.037237332962992 -2.75085164027636 3.896437570810554 2.687377573759916 -0.7597884934039144 -1.758637702676541 -0.7005702432647356 1.424367169243668 -4.351431950538258 -1.741021348190406 0.5077381207173257 1.198811209216055 2.921562913903732 -3.148304164566554 -3.226368231766507 -1.563659147586927 -1.113050521910875 -2.650648487903156 -1.903641317674178 -1.267212377787305 -3.339453608737967 1.713348335929378 -1.216880446098913 -1.211353429763172 -4.036620758323937 -1.216151047515363 3.339522303908252 1.511075159787454 -0.6325332965670118 2.441033519610465 2.43024286170436 0.6583784262297018 0.08170209557566104 -1.716213759303229 1.490397712827452 0.5435621668718347 -0.8167275889124311 2.461407130742259 2.723365988026415
 -2.149166527276641 -4.164954955421067 4.091679312567233 0.05357924540091655 -3.487865821880725 1.035082024899187 -0.1440015132059662 -3.071507022805954 0.5382699417629022 -0.5898665393260984 -2.61331515528415 -1.583052862444939 -6.393690998091207 -0.1948007997624969 -0.7219712270526711 -1.409782086747951 0.3520664082581152 0.3550476666271338 1.830409168178623 0.6036275838121855 -0.4115141462454426 -0.1234378598657476 -3.240941383320866 0.9507317158336129 -0.4628950999931253 4.218619801607324 3.459746632488079 1.635402381625876 -0.4205959278506053 0.7770755488845744 0.02330903119058167 1.514589736400958 -0.06362251684700183 -1.38401505412534 0.2511775212773467 -2.413037424897268 0.2373027125544447 -0.8144168608221959 -0.02565637426269418 1.840297149060882 1.159980089735352 0.5236177559572157 4.622598284771253 3.440316736822894 -2.205413565807392 2.174983329931429 -0.4097533177393448 -1.048779918366021 -1.915861234240233 -0.3466173760804024 -3.606005706037684
