# Created by Octave 4.2.1, Wed Jun 14 12:47:44 2017 GMT <unknown@unknown>
# name: D
# type: matrix
# rows: 2
# columns: 6
 1 4 6 4 1 0
 1 5 10 10 5 1


